astar:
C2 = 17
B2 = 12
S2 = 5
C1 = 15
B1 = 9
S1 = 0
V  = 4
AAT = 3.044891

bzip:
C2 = 17
B2 = 13
S2 = 0
C1 = 15
B1 = 11
S1 = 0
V  = 4
AAT = 2.000336

mcf:
C2 = 17
B2 = 13
S2 = 4
C1 = 15
B1 = 10
S1 = 0
V  = 4
AAT = 2.121732

perlbench:
C2 = 17
B2 = 10
S2 = 6
C1 = 15
B1 = 10
S1 = 0
V  = 4
AAT = 3.366403